8 4 14 1 0
0.115606936
0.036071783
0.084899939
0.0330033
0.20113016
0.192307692
0.021613388
0.035155563
0.046707146
0.044247788
0.016462137
0.02
0.018632383
0.018652367

-0.751445087
-0.47344215
-0.485142511
-0.330033003
-0.957762666
-0.961538462
-0.320083983
-0.329583407
-0.429705745
-0.663716814
-0.121221191
-0.14
-0.156512018
-0.151550478

0
0
0
0
0
0
0
0
0
0
0.08
0.05
0.06
0.03

0 0 0 0 0 0 0 0 0 0 0 0 0 0 0 0 0 0 0 0 0 0 0 0 0 0 0 0 0 0 0 
0 0 0 0 0 0 0 0 0 0 0 0 0 0 0 0 0 0 0 0 0 0 0 0 0 0 0 0 0 0 0
0 0 0 0 0 0 0 0 0 0 0 0 0 0 0 0 0 0 0 0 0 0 0 0 0 0 0 0 0 0 0
0 0 0 0 0 0 0 0 0 0 0 0 0 0 0 0 0 0 0 

0 0 0 0 0 0 0 0

1 1 1 1 2 2 3 3 3 4 5 5 6 7
2 4 7 8 3 8 4 5 6 6 6 8 7 8

-0.25 0.22 -0.25 0 0.233  -0.15 -0.2 0
-0.2 0.13  0     1 0      0     0    0

0.959 1 0.97 1.5 0.5 1.23 1 1
0.959 1 0.97 1.5 0.5 1.23 1 1
0 0 0 0 0 0 0 0